895
841	450
831	647	644
721	268	400	15
439	757	234	893	793
832	856	641	867	525	526
161	310	469	56	529	151	561
279	696	541	560	992	412	158	992
831	813	967	767	899	730	539	550	569
757	586	205	944	316	907	852	905	216	301
374	359	654	79	943	290	821	845	921	44	249
185	444	926	108	698	676	602	539	762	358	718	971
629	437	397	705	279	48	967	652	349	342	482	620	982
728	583	201	316	448	210	923	650	443	138	19	969	912	492
406	565	145	235	637	285	158	490	374	443	464	851	901	747	970
753	533	124	359	427	320	178	913	392	952	226	273	384	799	307	575
189	968	185	989	704	125	752	142	538	264	244	55	454	885	528	16	881
995	512	723	203	3	508	48	133	669	710	948	251	512	604	627	562	231	334
755	590	998	455	102	640	614	490	600	201	807	97	660	236	990	418	898	654	151
786	201	335	820	689	144	44	921	224	523	888	873	853	498	974	902	752	672	154	440
253	836	788	711	452	486	970	519	582	653	398	540	821	398	85	254	455	570	481	795	311
116	80	895	998	852	973	425	81	324	364	774	488	906	114	762	612	248	657	367	849	207	683
282	597	561	360	108	614	828	198	892	298	551	546	473	738	723	767	561	237	331	745	253	839	407
883	328	380	981	442	334	844	639	415	424	189	132	557	938	627	150	898	802	22	227	527	876	368	893
811	971	163	696	293	752	854	590	74	170	397	837	862	213	713	652	779	38	373	104	110	404	90	620	246
973	865	562	618	450	491	219	845	839	483	561	78	274	45	246	561	899	493	763	326	954	752	764	971	751	460
311	336	795	634	350	9	995	977	995	242	90	795	432	317	526	270	156	257	375	5	13	986	643	911	885	927	338
790	161	599	535	127	138	608	71	491	37	29	853	193	759	135	142	732	677	335	514	807	801	431	109	159	323	39	357
700	626	37	292	815	747	2	204	163	864	87	460	565	742	326	292	624	668	897	707	376	745	437	691	570	9	287	888	200
402	804	226	394	630	446	705	140	60	397	422	918	419	120	733	113	890	948	30	953	647	764	330	520	539	173	376	78	196	275
883	475	591	424	962	273	79	267	701	688	401	872	12	714	995	228	959	227	690	189	276	688	672	536	245	132	717	110	360	198	192
371	580	309	419	379	872	827	366	393	221	577	566	265	220	741	956	847	128	944	332	530	32	153	910	697	191	325	983	672	8	529	607
687	999	175	631	831	183	113	383	321	48	905	59	561	360	483	710	438	205	907	777	456	488	949	43	326	79	607	660	359	935	543	783	753
763	165	381	187	40	761	347	200	145	590	858	61	76	257	546	920	659	554	452	510	713	36	24	758	570	74	304	128	501	247	520	394	302	254
711	362	547	868	447	444	816	607	681	218	990	855	885	670	109	775	954	322	174	150	158	260	723	416	813	973	75	402	933	728	877	938	411	493	646
495	461	458	374	798	746	345	644	525	883	1000	168	43	173	921	950	387	743	214	308	225	203	503	869	873	808	280	613	30	157	474	928	814	34	379	796
499	406	235	553	248	48	266	749	397	758	733	991	813	371	514	670	882	580	737	218	335	168	721	741	698	71	738	861	137	521	523	297	532	138	490	78	429
991	814	900	391	660	806	806	104	248	969	532	789	816	530	573	208	6	365	354	282	35	618	184	852	160	787	526	688	123	592	737	45	506	911	508	885	204	989
803	796	8	556	164	860	835	314	143	269	426	527	775	611	140	20	492	718	942	180	617	732	340	804	931	758	269	328	133	989	556	6	532	478	866	578	80	135	108
707	32	43	35	317	41	343	492	927	491	888	47	194	515	602	69	263	582	913	244	692	753	190	713	687	770	847	172	272	507	2	406	349	377	95	520	321	684	681	694
224	111	770	267	415	121	265	715	712	591	396	256	40	156	69	499	499	692	274	756	556	20	665	378	447	302	822	392	555	717	716	287	257	907	881	350	274	210	929	557	861
603	597	539	587	307	739	404	198	663	231	147	187	143	364	395	130	801	697	111	663	497	831	720	725	524	619	92	899	528	940	569	851	250	380	179	446	721	705	937	216	970	419
119	188	2	317	243	707	435	782	563	306	285	870	966	102	516	81	83	292	118	141	575	960	659	376	224	997	242	539	621	368	692	827	159	456	594	308	792	832	720	348	11	372	195
757	187	45	941	128	595	671	868	859	20	112	186	613	584	411	467	735	935	270	979	487	15	405	852	427	538	273	237	269	950	902	551	206	438	844	994	769	727	616	631	642	881	607	383
59	444	656	843	695	732	630	974	181	578	982	792	130	995	528	146	26	924	118	792	144	909	297	19	524	188	628	608	205	196	380	759	452	498	517	716	242	568	426	183	874	906	225	515	390
760	308	236	975	522	113	488	745	762	184	250	134	543	421	651	674	398	318	764	684	551	97	967	314	383	987	406	658	870	655	305	618	731	485	65	962	146	831	750	253	935	249	876	660	314	233
456	494	124	11	439	289	795	908	94	741	189	302	96	716	78	230	727	358	129	222	383	836	618	281	426	696	957	715	50	838	576	516	22	867	729	656	2	941	724	71	295	430	717	643	667	311	73
977	675	315	351	296	706	755	515	204	111	986	758	52	771	215	88	649	776	805	191	63	493	603	31	684	940	826	637	111	380	260	506	801	572	819	242	455	114	226	587	672	307	671	296	433	995	137	381
624	763	629	732	721	740	924	541	682	315	972	637	522	588	459	232	379	556	74	114	253	378	23	884	689	632	822	629	993	207	747	705	87	389	969	57	879	413	284	512	170	499	431	906	38	64	150	620	226
311	398	27	54	835	522	958	82	418	66	855	697	759	545	746	880	199	96	683	726	787	149	755	987	136	692	864	191	440	227	693	866	333	557	635	677	909	584	118	879	422	158	29	348	357	592	175	187	591	599
758	341	544	33	644	75	342	411	20	336	196	543	619	438	769	298	947	69	949	776	873	924	193	395	54	913	225	461	47	471	23	453	946	846	278	612	332	644	430	80	406	666	276	816	656	253	946	226	38	263	357
221	848	817	783	265	804	825	600	246	21	593	730	820	964	989	416	622	110	220	759	392	143	194	155	318	634	462	920	122	444	456	183	350	474	185	579	259	168	875	647	344	662	268	44	330	397	409	753	819	952	293	359
263	653	216	585	708	890	226	315	110	718	245	470	621	579	366	383	239	952	28	886	834	284	383	492	185	359	711	595	945	740	445	616	746	407	352	592	495	565	15	378	582	74	630	594	162	683	442	176	660	220	126	975	505
21	748	178	749	228	92	704	93	592	866	744	789	879	850	580	30	367	258	748	84	338	599	391	472	312	635	948	806	997	58	485	249	630	735	801	266	23	641	53	496	403	111	265	526	77	705	323	159	199	525	929	604	503	492
395	257	867	86	620	956	829	819	36	410	398	548	408	619	899	720	515	647	221	959	981	10	779	269	47	919	819	594	772	229	506	506	956	97	200	720	84	725	977	801	93	324	747	571	341	618	641	570	210	646	704	195	925	329	620
186	303	824	100	21	941	65	332	452	476	953	218	799	822	149	461	854	614	216	966	916	625	83	30	210	128	604	640	392	685	877	272	337	454	829	616	303	127	301	858	685	559	457	680	132	21	329	582	966	552	701	154	545	862	708	821
431	780	746	656	260	95	465	315	69	499	170	994	800	730	185	611	589	868	781	7	773	282	991	198	494	267	618	603	357	308	365	344	448	673	947	524	306	373	159	635	690	493	980	371	731	196	467	282	40	44	463	579	909	597	990	109	616
30	511	239	37	452	590	51	226	609	194	283	345	26	432	238	234	630	585	790	865	746	409	269	140	710	888	221	372	490	350	626	276	287	533	242	222	206	436	425	696	47	814	846	328	481	24	826	464	919	32	436	134	721	167	763	570	737	641
988	977	181	76	933	512	932	184	527	415	191	23	239	890	3	113	231	650	409	494	503	505	415	847	94	902	198	903	519	219	157	257	455	719	191	718	785	569	41	327	338	266	202	912	662	853	595	922	813	852	26	911	634	103	290	683	644	813	636
107	992	256	15	705	265	133	952	737	456	970	787	867	573	782	334	938	127	48	514	607	589	84	505	497	106	203	707	980	905	772	511	587	964	652	864	4	599	565	728	630	343	423	369	422	739	235	300	85	895	370	949	535	975	492	657	105	571	981	764
614	712	265	723	56	292	396	234	591	394	809	737	926	317	505	347	288	119	11	597	796	38	597	560	427	978	929	246	810	568	331	618	719	911	764	407	110	879	42	498	64	622	477	367	475	672	499	499	935	558	385	95	708	14	426	71	289	917	652	169	828
650	118	734	636	938	767	680	540	635	184	416	759	47	829	581	962	206	832	706	389	986	330	98	485	889	871	504	25	828	52	908	882	609	546	223	838	527	558	168	329	33	855	565	622	196	357	487	232	548	399	851	436	398	904	7	598	769	826	716	553	14	49
783	323	96	363	625	445	817	968	708	622	892	155	379	584	879	611	802	247	978	553	718	101	793	877	629	65	491	920	594	967	700	136	921	577	267	822	282	893	760	857	981	770	12	86	30	149	842	913	592	191	103	484	49	992	321	757	892	231	531	954	420	928	358
240	658	879	9	468	727	230	186	637	34	833	689	474	531	601	866	940	47	709	371	25	157	783	429	803	461	788	509	406	725	958	3	357	924	556	809	206	953	959	362	495	213	985	739	312	826	991	833	246	829	697	1000	242	7	234	674	504	685	352	269	552	650	757	83
882	706	922	829	111	853	282	211	671	116	877	820	275	849	182	576	34	625	785	138	182	453	222	20	452	712	804	271	295	969	637	644	188	983	475	173	891	473	236	755	715	521	359	970	459	806	881	528	841	631	614	326	82	183	841	79	285	668	887	378	346	455	127	758	728
813	161	19	832	725	145	203	499	741	67	267	973	127	180	514	228	344	241	251	516	916	978	836	113	998	871	730	152	385	893	172	392	879	130	480	996	505	664	582	935	130	376	235	587	181	300	90	568	660	912	974	486	931	317	67	413	871	451	789	445	532	348	798	387	791	637
871	455	708	286	382	869	385	328	97	783	131	864	942	660	757	312	486	264	265	201	830	329	634	356	934	397	882	71	101	444	688	419	716	267	446	622	918	494	614	741	653	426	446	269	156	421	400	15	186	238	291	241	800	156	378	192	748	609	368	709	791	323	81	335	887	287	486
301	617	137	32	739	171	246	23	578	478	881	909	643	325	585	740	681	887	32	787	32	93	261	512	272	302	826	570	134	257	615	214	175	920	784	165	573	91	528	250	678	949	836	243	964	940	450	311	158	862	693	548	25	742	270	926	843	83	9	224	441	155	325	747	144	508	438	500
29	131	117	947	755	503	798	735	388	10	259	302	345	295	948	831	718	27	74	182	501	698	128	28	288	967	757	982	999	646	233	338	592	547	627	413	128	592	537	955	203	569	672	292	655	583	735	963	821	686	609	275	873	91	30	663	996	310	50	924	656	266	127	451	448	234	748	690	284
627	590	808	256	885	14	862	295	558	132	252	789	740	803	657	82	817	447	789	567	632	732	626	419	672	200	449	384	107	168	415	76	430	338	675	17	332	109	476	991	967	52	372	346	312	766	206	659	584	131	26	43	906	903	990	824	337	323	72	77	571	800	640	888	302	544	187	303	999	17
127	751	333	477	683	247	999	806	825	501	101	586	175	845	4	601	32	756	331	771	871	164	660	217	768	836	724	955	638	551	997	188	728	481	927	747	498	31	356	844	554	534	242	364	649	872	374	245	100	835	612	195	779	676	692	790	630	590	721	370	627	405	734	390	223	395	458	521	857	387	964
438	120	864	627	183	999	992	709	921	18	107	308	652	409	30	930	92	976	711	440	382	758	820	184	778	423	791	858	408	30	871	98	549	983	215	583	683	953	714	765	204	258	685	67	413	861	30	84	578	240	147	655	99	118	160	39	695	964	244	936	640	767	489	809	673	963	726	14	653	947	187	167
921	706	333	15	354	142	840	796	341	249	828	373	212	670	107	950	578	64	767	153	75	387	895	352	817	728	16	642	587	639	832	925	313	52	244	396	999	664	822	486	138	846	439	508	878	963	503	763	651	605	10	871	911	950	543	717	791	57	79	418	121	584	807	111	711	101	726	393	164	565	781	759	54
685	456	738	253	744	929	417	218	769	487	339	203	286	597	218	812	175	894	359	285	3	161	17	632	288	911	780	197	761	659	417	22	251	802	958	311	92	937	126	22	933	926	961	756	284	546	669	443	55	896	102	746	367	595	913	990	272	637	560	963	343	613	934	448	362	395	400	452	425	345	169	165	963	887
376	525	424	939	528	727	182	968	883	467	957	312	395	291	675	528	151	358	93	25	50	490	30	515	437	586	380	159	441	652	86	156	217	944	453	842	377	384	310	271	350	985	889	676	174	367	946	36	444	451	664	543	654	303	195	385	468	326	965	982	528	729	459	707	282	13	425	190	863	695	345	301	495	548	360
318	677	139	240	843	721	233	485	182	275	944	229	724	916	219	220	411	998	175	435	369	757	679	68	77	281	931	458	487	791	815	200	734	953	437	490	918	470	766	560	519	382	376	524	282	615	767	550	222	613	521	542	739	466	49	457	958	214	510	393	25	733	278	468	433	994	466	461	141	618	784	150	196	44	319	152
131	867	965	161	143	658	475	690	686	126	243	294	372	653	354	758	82	227	742	933	76	695	170	302	178	634	566	779	825	947	649	55	757	808	837	523	748	673	999	631	499	803	521	337	982	680	500	293	221	903	245	373	948	732	95	771	709	24	441	834	986	32	931	764	609	262	598	181	892	142	733	420	837	205	38	573	354
902	193	874	182	226	423	860	124	605	624	531	356	862	180	471	359	130	158	698	769	369	580	351	631	429	442	277	992	653	236	808	891	944	910	264	870	453	33	34	611	864	147	557	692	106	942	319	6	930	311	943	79	765	642	250	797	119	155	247	985	368	949	392	395	24	983	999	446	848	494	617	371	643	229	218	301	312	497
312	52	738	521	220	109	63	277	211	627	857	139	846	764	124	14	610	419	451	598	543	569	662	305	753	451	738	471	70	900	712	729	39	371	781	114	599	945	254	577	68	792	708	167	210	745	79	662	799	827	222	344	542	913	41	862	690	139	247	205	696	958	607	737	329	718	746	63	340	631	682	220	289	170	406	401	597	884	492
386	78	584	39	292	72	608	734	347	468	500	203	371	75	809	556	648	665	286	179	317	460	217	345	899	986	120	302	330	611	751	938	217	884	521	301	227	933	123	680	548	757	471	855	505	758	100	390	16	306	666	269	80	678	418	218	757	191	646	250	732	708	377	608	609	301	561	689	97	268	104	440	201	281	396	148	744	434	929	584
533	223	670	982	720	723	731	683	520	289	253	561	307	194	864	862	833	824	368	973	354	91	61	377	613	523	403	576	248	469	424	310	126	217	988	755	530	240	384	848	430	399	170	237	581	323	199	131	954	490	59	889	558	197	445	65	205	629	391	11	374	278	528	792	864	313	660	532	802	903	381	729	377	198	914	871	835	656	169	348	429
768	97	715	164	794	419	923	854	883	969	375	384	884	285	395	198	850	125	516	515	308	270	984	238	566	993	134	616	515	832	351	68	234	32	82	507	632	887	561	678	537	112	211	709	299	188	4	469	463	436	728	184	636	139	274	258	477	877	335	982	185	882	668	897	920	895	740	452	739	454	996	875	976	712	958	676	565	136	188	259	681	529
810	585	519	78	893	482	345	265	407	233	930	227	844	373	783	876	680	714	407	881	670	301	106	247	826	99	945	951	59	41	23	470	372	458	749	906	535	790	48	101	988	129	870	381	293	311	897	579	705	353	979	717	418	989	581	259	406	773	549	405	488	942	616	786	403	371	417	945	795	963	529	530	904	616	821	147	300	424	425	395	178	903	947
676	684	49	930	477	677	390	714	493	356	427	76	676	986	220	77	269	157	524	504	203	609	345	795	480	778	302	141	56	69	724	972	182	417	676	564	35	912	346	342	634	243	537	201	301	538	670	632	226	342	274	782	478	387	646	987	46	443	26	549	821	12	433	455	152	655	512	630	995	808	773	276	725	211	15	585	522	678	935	883	533	176	544	164
100	748	663	979	576	577	472	526	671	437	262	93	218	453	694	533	664	533	305	172	121	215	514	7	693	876	538	627	361	731	491	618	225	27	332	298	811	736	505	541	183	612	962	429	743	881	859	420	368	463	639	548	788	626	117	838	711	232	672	448	307	870	107	432	561	715	353	661	638	898	364	983	4	337	333	772	909	515	686	628	714	705	551	980	618
239	559	826	457	775	490	279	522	18	136	637	687	270	216	593	796	635	740	838	720	774	174	106	128	75	212	237	374	830	182	482	735	231	133	706	853	477	828	921	788	33	447	974	170	395	72	332	130	566	904	885	92	678	537	357	429	687	964	452	307	925	670	982	637	146	386	684	246	63	137	76	657	773	622	355	252	768	251	748	349	665	981	836	476	258	580
138	564	550	261	635	290	817	108	736	250	791	926	263	201	273	957	402	82	360	249	170	457	458	728	338	328	418	629	644	552	853	950	912	620	518	188	930	802	121	93	319	260	115	18	988	756	739	893	949	905	220	33	543	473	80	255	663	966	211	872	831	557	154	133	176	380	512	973	37	806	115	241	652	483	646	130	558	11	852	73	32	218	547	966	24	841	235
193	859	962	8	55	609	611	288	609	609	977	423	821	129	606	447	371	735	145	52	118	672	868	41	908	666	390	375	801	164	383	847	660	587	362	270	381	483	186	752	462	100	733	818	487	385	599	114	390	890	539	979	456	273	180	155	861	664	546	536	370	896	642	149	448	25	771	176	801	960	306	260	304	675	974	880	525	221	236	140	359	94	363	37	410	135	420	411
831	623	842	660	627	957	927	778	946	443	386	58	293	229	107	436	400	773	529	999	203	31	764	204	167	266	961	684	26	263	564	265	245	512	668	153	392	498	202	993	182	587	63	626	980	944	196	428	614	815	4	694	676	836	338	774	682	359	61	493	822	108	371	129	547	861	156	116	387	181	324	689	9	475	688	431	802	92	216	620	626	67	38	277	148	660	397	261	571
206	965	269	966	155	447	797	907	870	714	870	453	458	712	44	813	114	355	886	950	810	959	717	634	212	392	568	975	477	141	230	30	596	188	88	109	76	744	615	641	928	135	1000	710	342	581	370	631	876	937	719	957	393	933	292	117	174	831	916	586	443	757	945	429	653	210	700	623	805	163	722	695	476	165	252	568	538	847	524	600	920	138	991	100	836	90	883	792	502	220
548	732	594	244	952	491	705	544	178	261	535	472	871	996	611	92	138	197	981	634	502	981	890	485	489	803	374	828	637	165	571	722	15	648	705	107	242	86	123	202	80	135	721	394	727	63	466	293	692	816	195	462	100	507	785	988	524	664	680	207	179	892	931	924	210	977	453	230	643	969	851	533	403	166	703	535	328	550	982	42	336	809	222	896	734	719	702	886	833	109	201
633	55	9	913	721	150	404	592	938	946	823	567	379	37	917	866	542	200	587	764	293	776	828	74	674	443	156	292	927	486	781	499	427	16	84	749	55	552	126	590	714	925	172	680	686	690	79	564	309	41	702	641	737	794	301	888	757	738	351	149	842	932	991	921	76	376	937	432	346	333	62	754	738	864	444	523	867	225	947	583	907	520	475	404	163	420	650	967	137	764	281	486
632	252	547	245	25	770	711	603	738	445	551	174	461	638	852	333	213	602	290	795	45	839	682	57	26	424	379	177	858	560	387	331	835	635	367	215	743	359	54	995	992	775	88	123	447	678	468	432	282	40	440	722	530	620	223	759	464	86	717	220	72	870	624	735	597	646	783	502	981	895	329	710	674	368	370	968	274	932	777	447	684	946	839	790	499	780	894	793	265	422	557	107	519
294	102	501	769	456	976	334	204	823	978	704	929	725	884	491	814	941	382	224	306	378	26	631	596	777	319	645	665	382	824	701	605	586	901	388	587	407	896	475	28	912	194	8	247	234	122	777	328	363	541	651	133	503	328	160	785	821	640	995	217	650	184	682	954	567	497	896	293	981	83	361	313	964	87	668	790	54	689	564	90	591	629	20	85	329	215	971	258	10	758	937	44	236	651
716	599	602	426	659	420	171	753	412	232	634	929	650	868	86	567	731	982	728	315	699	483	853	957	77	345	256	459	275	803	158	178	822	19	420	301	45	831	414	357	356	664	99	104	462	679	494	586	709	780	311	252	693	914	122	388	164	307	659	122	235	309	641	7	584	236	755	654	176	660	746	280	20	343	870	494	395	539	871	744	657	616	314	601	93	207	921	290	801	882	704	916	662	648	861
746	516	255	546	844	769	721	847	606	184	493	641	486	635	734	789	480	158	199	975	40	362	198	767	619	751	667	481	822	398	42	771	81	848	755	480	349	920	787	515	925	840	492	336	226	216	994	471	736	233	8	978	68	99	602	238	64	964	23	474	897	912	941	765	148	727	65	333	780	392	492	118	304	247	882	276	303	992	567	652	491	591	626	765	926	504	897	133	682	921	998	405	603	957	580	496
9	442	746	566	309	178	828	856	778	164	161	555	349	794	857	11	124	527	538	375	888	623	840	745	874	427	531	107	355	680	454	859	174	475	60	969	711	245	830	728	346	225	190	172	433	125	502	75	208	312	47	159	517	253	78	300	883	42	37	919	358	276	289	926	531	34	402	150	131	552	308	266	300	581	659	593	475	977	846	36	988	297	470	101	923	438	937	514	898	686	905	974	275	638	609	903	223
34	120	751	965	704	951	773	339	187	724	914	64	277	235	426	907	490	157	162	167	105	620	650	241	429	436	462	20	572	828	989	849	754	454	268	588	274	314	712	355	435	711	317	205	192	479	32	148	788	799	632	673	558	223	887	279	229	859	358	196	86	880	418	848	636	420	785	159	993	917	296	990	834	398	356	619	124	396	145	361	208	799	823	834	14	950	818	15	784	69	301	88	26	808	364	173	478	249
52	991	214	402	917	467	913	598	416	439	120	29	145	592	193	51	811	895	195	220	412	712	766	597	435	541	159	933	365	320	749	694	481	669	45	980	300	528	863	430	742	816	695	517	665	6	972	704	998	940	860	883	954	522	373	706	147	303	225	401	118	342	175	489	418	904	373	117	558	457	292	743	720	148	113	218	272	856	24	666	130	511	699	212	790	607	330	894	187	170	694	701	51	167	504	250	255	481	926
